function [tf, n_fft, fs] = experimental_phonitor_tf ()
  n_fft = 2048;
  fs = 44100;
  tf.l.B = [1.3387924, -0.8792541, -0.6249688, 0.2970362, -0.6299205, 0.0036494, 0.2404752, 0.2050119, 0.0548289];
  tf.l.A = [1.0000000, -0.6541831, -0.4597427, 0.2221530, -0.4715969, 0.0021549, 0.1761547, 0.1506272, 0.0400648];
  tf.r.B = [0.971429, -0.640211, -0.581302, 0.250462, -0.205511, -0.052452, 0.055196, 0.169464, 0.035691];
  tf.r.A = [1.000000, -0.669888, -0.594978, 0.262143, -0.213273, -0.051185, 0.058657, 0.175233, 0.036078];
  tf.r.am_attn_db = 7.3;
endfunction
