# Created by Octave 4.0.3, Fri Oct 13 16:30:12 2017 PDT <mikhail@Mikhails-Air>
# name: mdl_tf
# type: scalar struct
# ndims: 2
 1 1
# length: 3
# name: l
# type: scalar struct
# ndims: 2
 1 1
# length: 2
# name: B
# type: matrix
# rows: 1
# columns: 25
 1.392258911662867 -0.1671886707207343 -0.3900848919382198 -0.2609142130697513 -0.3148044725424692 -0.2134394791499949 -0.1957839014612326 -0.08070617477155115 -0.08879631653193194 -0.01808838585120091 0.03508824423390571 0.06373383789430195 -0.02016057959719969 -0.009071769357662598 0.02313202769140265 0.09216294683900504 0.05602073389592976 0.06185783526196982 -0.04971073794859577 0.04704894673891398 0.02561215645781308 0.1323512997119163 -0.002000231263337994 -0.08838022176821871 -0.01296882776527273


# name: A
# type: matrix
# rows: 1
# columns: 25
 1 -0.1129403942040346 -0.2727873358753957 -0.182700048977017 -0.2229877299913991 -0.1521366090421417 -0.1407647105767627 -0.05927983003805643 -0.06559071488968583 -0.01527746590727757 0.02282001716462657 0.04362314361456495 -0.01621972934198563 -0.008275217867962988 0.01482460537920644 0.06456356535143207 0.03913804843273579 0.0437206249349708 -0.03604832408219941 0.03325090902227255 0.0180501678336554 0.09491508999100198 -0.0008989324918351958 -0.06283797045101974 -0.009181914131732494




# name: r
# type: scalar struct
# ndims: 2
 1 1
# length: 3
# name: B
# type: matrix
# rows: 1
# columns: 25
 0.9141694726262197 -0.112763555720799 -0.08814710393690497 -0.09395091561251723 -0.08838396022182976 -0.08824515257041739 -0.08266598227128415 -0.0801528041472047 -0.07647424478964948 -0.07202085714239068 -0.06371800111467026 -0.05893039585792789 -0.05353256742263238 -0.04463296740242296 -0.03570881568660468 -0.02925122769311668 -0.01853608879251456 -0.00736738738649156 0.001037518923314619 0.01590598296447362 0.02311055518763508 0.04135183239738238 0.04599485018956058 0.07862036293360031 0.01661527389562524


# name: A
# type: matrix
# rows: 1
# columns: 25
 1 -0.1337734909799899 -0.1026681154215913 -0.1085870213263625 -0.1008947577942531 -0.09988201402235553 -0.09259905430653749 -0.08904783438040779 -0.08410718470300439 -0.07854733661992483 -0.06875044238655915 -0.06301194857705573 -0.05659909407260163 -0.04650523595385151 -0.0364403364725857 -0.02922289854142397 -0.01737162048251873 -0.005177436784592794 0.003918368434767704 0.0199906620801986 0.02755708326944423 0.04714405590312679 0.05169948493718172 0.08686596943518191 0.018191669979599


# name: am_attn_db
# type: scalar
7.522




# name: pre_am_attn_db
# type: scalar
5.9




